bo,,556621.876,715059.353,2.208
bo1,,556625.394,715058.507,2.16
bo2,,556632.531,715056.367,2.238
bo3,,556640.722,715049.468,2.193
bo4,,556647.468,715043.169,2.341
bo5,,556655.66,715035.746,2.248
bo6,,556662.955,715028.518,2.347
bo7,,556670.689,715020.916,2.361
bo8,,556679.229,715011.19,2.364
bo9,,556684.909,715001.439,2.36
bo10,,556689.56,714992.839,2.277
bo11,,556692.918,714983.431,2.341
bo12,,556694.164,714974.754,2.257
bo13,,556695.545,714971.665,2.194
bo14,,556691.754,714963.652,2.047
bo15,,556686.767,714954.658,2.196
bo16,,556682.303,714946.566,2.349
bo17,,556678.12,714938.855,2.338
bo18,,556673.367,714930.835,2.296
bo19,,556669.102,714923.851,2.238
bo20,,556660.503,714929.333,2.458
bo21,,556651.926,714934.754,2.366
bo22,,556644.673,714940.847,2.368
bo23,,556636.756,714949.845,2.399
bo24,,556630.005,714958.695,2.271
bo25,,556621.353,714966.409,2.294
bo26,,556613.216,714972.488,2.334
bo27,,556606.153,714978.674,2.343
bo28,,556598.032,714984.089,2.456
bo29,,556591.442,714990.937,2.361
bo30,,556584.465,714998.603,2.476
bo31,,556577.375,715006.681,2.424
bo32,,556568.845,715016.587,2.384
bo33,,556563.527,715025.679,2.357
bo34,,556571.751,715031.739,2.291
bo35,,556578.529,715042.006,2.307
bo36,,556584.901,715048.486,2.165
bo37,,556591.75,715053.543,2.379
bo38,,556598.863,715061.663,2.261
bo39,,556606.902,715064.91,2.268
bo40,,556616.174,715063.872,2.235
to1,,556604.65,715062.415,2.26
to2,,556611.008,715055.941,2.377
to3,,556616.645,715049.119,2.348
to4,,556622.923,715041.812,2.358
to5,,556631.001,715033.364,2.234
to6,,556638.859,715025.569,2.283
to7,,556645.336,715018.612,2.215
to8,,556652.477,715012.142,2.406
to9,,556659.88,715004.797,2.342
to10,,556666.587,714997.205,2.272
to11,,556672.475,714989.236,2.414
to12,,556677.795,714980.475,2.309
to13,,556681.613,714971.261,2.356
to14,,556686.769,714963.608,2.33
to15,,556689.819,714960.309,2.148
to16,,556685.645,714952.54,2.094
to17,,556677.173,714957.336,2.463
to18,,556669.855,714965.152,2.388
to19,,556663.236,714973.36,2.416
to20,,556657.619,714979.997,2.374
to21,,556649.787,714987.114,2.438
to22,,556643.101,714994.364,2.282
to23,,556636.243,715001.446,2.375
to24,,556628.497,715008.597,2.41
to25,,556621.898,715014.966,2.42
to26,,556615.173,715021.893,2.437
to27,,556608.115,715029.547,2.442
to28,,556601.835,715036.414,2.479
to29,,556596.363,715042.971,2.314
to30,,556589.353,715051.696,2.273
to31,,556582.198,715045.027,2.18
to32,,556587.529,715038.35,2.335
to33,,556593.156,715031.951,2.489
to34,,556600.159,715024.347,2.402
to35,,556606.977,715016.808,2.41
to36,,556614.418,715009.337,2.424
to37,,556621.944,715000.9,2.375
to38,,556629.699,714993.951,2.378
to39,,556637.747,714985.96,2.349
to40,,556644.645,714977.068,2.405
to41,,556651.304,714968.551,2.221
to42,,556657.964,714959.505,2.366
to43,,556665.941,714952.088,2.35
to44,,556674.753,714944.781,2.357
to45,,556674.732,714944.727,2.345
to46,,556679.335,714940.973,2.443
to47,,556674.288,714932.92,2.34
to48,,556665.769,714937.506,2.407
to49,,556657.593,714942.813,2.279
to50,,556650.701,714947.067,2.302
to51,,556641.349,714954.292,2.279
to52,,556635.867,714966.248,2.459
to53,,556629.334,714972.046,2.321
to54,,556622.408,714979.039,2.425
to55,,556614.673,714986.112,2.355
to56,,556606.668,714993.802,2.352
to57,,556597.383,715003.023,2.356
to58,,556590.499,715010.268,2.424
to59,,556584.461,715017.963,2.385
to60,,556578.664,715025.553,2.38
to61,,556572.525,715032.116,2.297
phaseA1,,556496.871,715037.394,1.863
phaseA2,,556488.308,715038.463,1.857
phaseA3,,556478.842,715040.434,1.82
phaseA4,,556469.585,715043.995,1.843
phaseA5,,556459.372,715046.961,1.337
phaseA6,,556447.771,715048.808,1.15
phaseA7,,556436.545,715050.226,0.956
phaseA8,,556425.861,715051.135,1.095
phaseA9,,556414.265,715050.946,1.051
phaseA10,,556404.432,715051.831,1.282
phaseA11,,556393.834,715052.192,1.358
phaseA12,,556383.235,715052.851,1.462
phaseA13,,556370.725,715053.188,1.461
phaseA14,,556360.733,715052.715,1.306
phaseA15,,556349.573,715051.878,1.214
phaseA16,,556339.196,715050.782,1.164
phaseA17,,556328.228,715049.302,1.127
phaseA18,,556316.995,715048.057,1.305
phaseA19,,556307.39,715047.174,1.431
phaseA20,,556298.711,715046.728,0.357
phaseA21,,556303.412,715055.422,0.416
phaseA22,,556312.132,715055.463,1.205
phaseA23,,556322.748,715055.634,1.129
phaseA24,,556333.261,715055.685,1.263
phaseA25,,556343.514,715056.641,1.204
phaseA26,,556353.286,715057.403,1.248
phaseA27,,556364.745,715058.871,1.18
phaseA28,,556374.848,715060.366,1.198
phaseA29,,556385.889,715061.375,1.447
phaseA30,,556395.29,715062.557,1.374
phaseA31,,556406.614,715062.895,1.12
phaseA32,,556416.944,715062.866,0.988
phaseA33,,556427.067,715062.95,1.067
phaseA34,,556436.916,715062.886,1.118
phaseA35,,556447.252,715062.438,1.116
phaseA36,,556456.449,715060.667,1.72
phaseA37,,556466.077,715060.395,1.681
phaseA38,,556476.569,715059.838,1.761
phaseA39,,556487.31,715058.217,1.79
phaseA40,,556491.159,715057.892,1.954
phaseA41,,556487.495,715067.766,2.031
phaseA42,,556478.457,715065.696,1.901
phaseA43,,556469.013,715063.835,1.874
phaseA44,,556457.74,715063.587,1.973
phaseA45,,556448.243,715065.903,1.35
phaseA46,,556437.966,715067.216,1.201
phaseA47,,556427.815,715070.178,1.074
phaseA48,,556417.03,715072.526,1.013
phaseA49,,556407.244,715072.592,1.116
phaseA50,,556396.411,715071.906,1.252
phaseA51,,556386.082,715071.698,1.259
phaseA52,,556376.01,715071.604,1.36
phaseA53,,556365.611,715071.334,1.434
phaseA54,,556352.931,715070.177,1.517
phaseA55,,556343.329,715069.333,1.141
phaseA56,,556334.171,715068.471,1.263
phaseA57,,556323.302,715068.824,1.282
phaseA58,,556312.796,715068.449,1.289
phaseA59,,556305.645,715066.606,0.395
phaseA60,,556305.068,715076.233,0.617
phaseA61,,556296.865,715075.498,0.575
phaseA62,,556286.881,715074.58,0.624
phaseA63,,556277.487,715073.575,0.58
phaseA64,,556268.67,715074.755,0.604
phaseA65,,556260.023,715073.53,0.562
phaseA66,,556250.731,715072.29,0.672
phaseA67,,556242.338,715074.081,0.76
phaseA68,,556232.727,715075.31,0.678
phaseA69,,556222.366,715077.706,0.599
phaseA70,,556212.648,715080.808,0.412
phaseA71,,556210.282,715081.285,0.316
phaseA72,,556208.599,715090.242,0.361
phaseA73,,556217.788,715088.396,1.036
phaseA74,,556227.362,715086.963,1.527
phaseA75,,556238.442,715086.72,1.641
phaseA76,,556248.039,715083.303,1.378
phaseA77,,556258.012,715083.941,1.349
phaseA78,,556267.199,715082.445,1.044
phaseA79,,556277.62,715082.975,1.039
phaseA80,,556288.993,715086.67,1.137
phaseA81,,556298.782,715089.247,1.028
phaseA82,,556301.855,715080.664,0.695
phaseA83,,556308.325,715080.191,0.938
phaseA84,,556304.942,715091.877,1.07
phaseA85,,556314.123,715094.8,1.539
phaseA86,,556317.074,715086.038,0.817
phaseA87,,556318.892,715075.743,1.226
phaseA88,,556327.377,715075.512,1.23
phaseA89,,556327.003,715087.678,0.967
phaseA90,,556324.501,715097.167,1.4
phaseA91,,556334.993,715099.856,1.223
phaseA92,,556339.392,715092.008,0.941
phaseA93,,556341.377,715085.085,1.01
phaseA94,,556343.569,715077.25,1.061
phaseA95,,556352.266,715078.809,1.485
phaseA96,,556350.4,715088.41,1.315
phaseA97,,556346.952,715098.266,1.097
phaseA98,,556344.653,715103.201,0.945
phaseA99,,556352.803,715108.252,1.073
phaseA100,,556355.426,715100.038,1.085
phaseA101,,556358.589,715090.311,1.307
phaseA102,,556361.773,715080.879,1.47
phaseA103,,556363.162,715076.394,1.52
phaseA104,,556372.447,715078.53,1.351
phaseA105,,556370.25,715087.054,1.216
phaseA106,,556368.008,715096.843,1.18
phaseA107,,556366.426,715106.286,1.17
phaseA108,,556375.204,715105.011,1.053
phaseA109,,556377.467,715098.032,1.072
phaseA110,,556379.294,715089.639,1.171
phaseA111,,556381.358,715080.338,1.264
phaseA112,,556382.768,715075.866,1.266
phaseA113,,556391.896,715077.698,1.174
phaseA114,,556389.415,715085.667,1.138
phaseA115,,556386.269,715093.391,0.966
phaseA116,,556383.586,715102.667,1.199
phaseA117,,556393.565,715101.037,1.234
phaseA118,,556396.367,715093.482,1.025
phaseA119,,556399.873,715086.751,1.011
phaseA120,,556402.332,715081.41,1.144
phaseA121,,556412.056,715083.248,1.134
phaseA122,,556411.028,715092.268,1.072
phaseA123,,556409.567,715103.85,1.298
phaseA124,,556409.005,715106.884,1.533
phaseA125,,556419.134,715105.71,1.357
phaseA126,,556418.824,715095.679,0.999
phaseA127,,556418.857,715086.069,1.043
phaseA128,,556420.62,715077.163,1.071
phaseA129,,556431.127,715077.177,1.161
phaseA130,,556428.673,715086.785,1.116
phaseA131,,556426.92,715096.856,1.441
phaseA132,,556425.25,715105.364,1.274
phaseA133,,556434.011,715108.317,1.545
phaseA134,,556438.207,715099.379,1.946
phaseA135,,556441.521,715091.106,1.84
phaseA136,,556443.834,715081.642,2.205
phaseA137,,556445.24,715076.121,1.984
phaseA138,,556454.879,715076.804,2.347
phaseA139,,556464.04,715078.972,2.519
phaseA140,,556474.295,715081.363,2.503
phaseA141,,556482.508,715083.833,2.422
phaseA142,,556478.439,715091.502,2.612
phaseA143,,556469.407,715089.486,2.559
phaseA144,,556458.814,715086.567,2.345
phaseA145,,556449.388,715085.6,2.256
phaseA146,,556447.114,715095.582,2.16
phaseA147,,556456.21,715097.309,2.277
phaseA148,,556465.967,715099.641,2.276
phaseA149,,556474.275,715102.254,2.399
phaseA150,,556471.008,715110.338,2.19
phaseA151,,556462.21,715109.093,2.382
phaseA152,,556455.001,715107.873,2.371
phaseA153,,556453.045,715107.689,2.31
phaseA154,,556439.092,715109.096,1.54
phaseA155,,556439.373,715111.679,2.247
phaseA156,,556436.803,715121.122,2.473
phaseA157,,556442.787,715122.744,2.445
phaseA158,,556441.7,715131.858,2.515
phaseA159,,556434.823,715130.201,2.433
phaseA160,,556433.324,715139.235,2.438
phaseA161,,556441.391,715141.292,2.378
phaseA162,,556441.622,715151.14,2.217
phaseA163,,556431.951,715149.66,2.362
phaseA164,,556431.578,715158.236,2.454
phaseA165,,556440.888,715158.868,2.402
phaseA166,,556440.992,715161.091,1.159
phaseA167,,556440.06,715169.378,0.211
phaseA168,,556429.894,715167.207,0.293
phaseA169,,556430.44,715160.435,1.122
phaseA170,,556446.666,715169.671,0.294
phaseA171,,556456.965,715169.253,0.425
phaseA172,,556466.124,715168.06,0.253
phaseA173,,556464.415,715161.917,1.173
phaseA174,,556455.781,715161.789,1.029
phaseA175,,556446.992,715161.183,1.209
phaseA176,,556446.809,715159.046,2.392
phaseA177,,556458.023,715159.884,2.272
phaseA178,,556463.053,715159.53,2.266
phaseA179,,556462.087,715148.957,1.983
phaseA180,,556452.015,715146.179,2.254
phaseA181,,556441.181,715143.988,2.449
phaseA182,,556444.871,715134.172,2.45
phaseA183,,556452.339,715135.771,2.319
phaseA184,,556459.454,715136.963,2.165
phaseA185,,556463.491,715137.198,2.3
phaseA186,,556464.392,715128.12,2.486
phaseA187,,556455.507,715125.202,2.276
phaseA188,,556456.154,715115.447,2.159
phaseA189,,556462.847,715116.689,2.403
phaseA190,,556467.435,715118.214,2.264
phaseA191,,556442.823,715122.722,2.426
phaseA192,,556443.518,715117.742,2.328
phaseA193,,556443.566,715112.813,1.766
phaseA194,,556429.84,715109.547,2.215
phaseA195,,556426.654,715120.161,2.26
phaseA196,,556423.433,715130.742,2.353
phaseA197,,556421.511,715141.045,2.392
phaseA198,,556420.139,715152.938,2.393
phaseA199,,556419.486,715157.98,2.351
phaseA200,,556410.312,715156.931,2.367
phaseA201,,556411.989,715148.664,2.311
phaseA202,,556414.883,715138.535,2.355
phaseA203,,556418.034,715129.272,2.386
phaseA204,,556420.782,715119.421,2.389
phaseA205,,556423.821,715110.284,2.284
phaseA206,,556424.543,715108.029,2.262
phaseA207,,556415.363,715108.344,2.302
phaseA208,,556412.012,715117.549,2.261
phaseA209,,556409.118,715127.394,2.4
phaseA210,,556406.961,715136.142,2.33
phaseA211,,556404.14,715146.774,2.246
phaseA212,,556401.909,715156.639,2.329
phaseA213,,556391.991,715154.831,2.277
phaseA214,,556393.228,715144.704,2.245
phaseA215,,556395.401,715134.607,2.326
phaseA216,,556398.045,715125.573,2.406
phaseA217,,556401.936,715115.405,2.421
phaseA218,,556404.487,715109.372,2.329
phaseA219,,556394.881,715104.87,2.388
phaseA220,,556390.14,715113.318,2.396
phaseA221,,556386.521,715121.919,2.334
phaseA222,,556382.796,715132.869,2.385
phaseA223,,556380.075,715142.165,2.291
phaseA224,,556378.044,715153.42,2.307
phaseA225,,556368.917,715151.694,2.372
phaseA226,,556370.66,715142.787,2.39
phaseA227,,556373.103,715132.893,2.487
phaseA228,,556376.452,715122.609,2.347
phaseA229,,556379.854,715114.268,2.388
phaseA230,,556383.287,715105.172,2.285
phaseA231,,556372.298,715107.377,2.239
phaseA232,,556369.343,715115.976,2.31
phaseA233,,556365.976,715126.057,2.396
phaseA234,,556363.075,715135.468,2.317
phaseA235,,556360.854,715145.454,2.371
phaseA236,,556359.877,715150.714,2.502
phaseA237,,556350.028,715149.358,2.391
phaseA238,,556351.077,715140.364,2.331
phaseA239,,556353.385,715130.534,2.314
phaseA240,,556356.28,715119.835,2.318
phaseA241,,556358.773,715109.762,2.31
phaseA242,,556348.438,715110.139,2.416
phaseA243,,556346.591,715119.636,2.278
phaseA244,,556344.552,715130.046,2.436
phaseA245,,556342.668,715140.844,2.237
phaseA246,,556341.341,715148.522,2.31
phaseA247,,556331.888,715147.028,2.423
phaseA248,,556333.042,715139.388,2.387
phaseA249,,556335.17,715128.375,2.349
phaseA250,,556337.39,715118.63,2.316
phaseA251,,556338.898,715108.316,2.348
phaseA252,,556340.141,715103.898,2.33
phaseA253,,556330.57,715101.036,2.415
phaseA254,,556328.095,715109.369,2.434
phaseA255,,556325.427,715118.731,2.42
phaseA256,,556323.638,715128.224,2.375
phaseA257,,556320.432,715137.798,2.407
phaseA258,,556319.856,715145.669,2.411
phaseA259,,556309.493,715143.928,2.406
phaseA260,,556310.576,715135.879,2.332
phaseA261,,556312.513,715126.527,2.367
phaseA262,,556314.952,715115.553,2.461
phaseA263,,556316.801,715106.472,2.379
phaseA264,,556318.81,715098.348,2.443
phaseA265,,556308.217,715095.995,2.396
phaseA266,,556307.212,715104.246,2.375
phaseA267,,556306.901,715115.012,2.355
phaseA268,,556305.671,715123.821,2.315
phaseA269,,556304.726,715133.141,2.316
phaseA270,,556303.584,715143.111,2.271
phaseA271,,556294.648,715141.843,2.298
phaseA272,,556295.352,715133.564,2.228
phaseA273,,556296.526,715124.73,2.284
phaseA274,,556298.342,715114.594,2.312
phaseA275,,556300.045,715103.849,2.328
phaseA276,,556301.528,715093.981,2.328
phaseA277,,556291.712,715091.445,2.43
phaseA278,,556289.225,715100.085,2.291
phaseA279,,556288.38,715110.786,2.35
phaseA280,,556286.159,715121.482,2.289
phaseA281,,556283.853,715132.613,2.262
phaseA282,,556281.892,715139.589,2.391
phaseA283,,556271.785,715138.558,2.456
phaseA284,,556273.423,715129.09,2.336
phaseA285,,556275.52,715119.468,2.377
phaseA286,,556277.534,715110.102,2.355
phaseA287,,556279.462,715099.927,2.304
phaseA288,,556281.299,715090.708,2.291
phaseA289,,556281.933,715087.569,2.399
phaseA290,,556273.1,715085.636,2.294
phaseA291,,556270.936,715094.969,2.353
phaseA292,,556269.17,715104.938,2.411
phaseA293,,556267.236,715116.274,2.439
phaseA294,,556265.552,715126.798,2.383
phaseA295,,556263.351,715138.044,2.315
phaseA296,,556253.711,715136.027,2.348
phaseA297,,556254.162,715126.594,2.402
phaseA298,,556255.668,715116.02,2.41
phaseA299,,556256.992,715104.886,2.428
phaseA300,,556258.284,715094.434,2.494
phaseA301,,556259.576,715086.504,2.312
phaseA302,,556250.999,715084.866,2.381
phaseA303,,556249.619,715093.597,2.433
phaseA304,,556248.267,715103.443,2.392
phaseA305,,556246.271,715113.689,2.388
phaseA306,,556244.596,715124.171,2.311
phaseA307,,556242.589,715134.94,2.337
phaseA308,,556232.957,715133.562,2.269
phaseA309,,556233.873,715123.79,2.347
phaseA310,,556235.58,715114.974,2.393
phaseA311,,556237.243,715106.163,2.411
phaseA312,,556239.464,715095.658,2.348
phaseA313,,556241.596,715087.22,2.437
phaseA314,,556231.607,715088.95,2.399
phaseA315,,556230.412,715097.688,2.387
phaseA316,,556229.088,715108.705,2.277
phaseA317,,556227.635,715120.181,2.263
phaseA318,,556226.364,715133.323,2.201
phaseA319,,556222.826,715132.358,2.206
phaseA320,,556217.664,715125.35,1.961
phaseA321,,556214.431,715115.701,2.206
phaseA322,,556216.182,715105.336,2.215
phaseA323,,556215.9,715095.542,2.26
phaseA324,,556219.171,715090.831,2.172
phaseA325,,556208.651,715087.218,0.303
phaseA326,,556207.592,715093.631,0.275
phaseA327,,556212.906,715095.367,1.06
phaseA328,,556213.627,715105.2,1.378
phaseA329,,556205.333,715104.884,0.24
phaseA330,,556203.785,715115.262,0.259
phaseA331,,556211.73,715114.891,1.112
phaseA332,,556214.31,715125.176,0.852
phaseA333,,556211.245,715128.159,0.247
phaseA334,,556216.017,715136.652,0.258
phaseA335,,556220.325,715134.296,0.795
phaseA336,,556230.756,715135.989,0.875
phaseA337,,556231.45,715140.621,0.24
phaseA338,,556241.934,715140.189,0.257
phaseA339,,556242.505,715137.277,0.818
phaseA340,,556252.976,715138.36,0.966
phaseA341,,556252.578,715142.62,0.262
phaseA342,,556262.888,715144.728,0.264
phaseA343,,556263.827,715140.054,0.942
phaseA344,,556274.185,715141.198,1.103
phaseA345,,556273.436,715147.451,0.284
phaseA346,,556283.684,715148.637,0.294
phaseA347,,556284.789,715142.416,1.273
phaseA348,,556295.657,715144.059,0.956
phaseA349,,556296.212,715147.906,0.268
phaseA350,,556306.402,715149.772,0.272
phaseA351,,556307.376,715146.039,0.983
phaseA352,,556318.26,715147.693,0.978
phaseA353,,556317.709,715153.636,0.259
phaseA354,,556328.912,715154.742,0.252
phaseA355,,556329.79,715149.005,1.061
phaseA356,,556340.97,715150.67,0.944
phaseA357,,556340.344,715155.386,0.277
phaseA358,,556350.404,715158.861,0.251
phaseA359,,556351.545,715152.048,0.978
phaseA360,,556362.142,715153.142,1.006
phaseA361,,556361.274,715160.228,0.263
phaseA362,,556371.679,715162.445,0.257
phaseA363,,556373.534,715154.685,0.971
phaseA364,,556383.566,715156.36,0.983
phaseA365,,556382.706,715164.265,0.274
phaseA366,,556392.764,715165.795,0.267
phaseA367,,556394.743,715157.468,1.148
phaseA368,,556406.282,715159.101,1.112
phaseA369,,556407.28,715165.957,0.264
phaseA370,,556417.517,715166.815,0.262
phaseA371,,556419.147,715159.945,1.161
phaseA372,,556429.361,715160.306,1.114
phaseA373,,556429.748,715167.648,0.262
phaseA374,,556439.996,715169.525,0.286
phaseA375,,556466.316,715168.227,0.247
phaseA376,,556464.491,715159.464,2.411
